site,A,C,D,E,F,G,H,I,K,L,M,N,P,Q,R,S,T,V,W,Y
1,0.004306872053958699,0.014155702200639062,0.010390878830982058,0.021658754023274208,0.20099170285695556,0.0006967833928579048,0.017274849488125514,0.04781879865242056,0.00317176482787605,0.04493634916280984,0.375820395251188,0.00954593416441468,0.019763108217461207,0.03305129502178112,0.00667414802702768,0.06003174050809517,0.07122942746744076,0.0031680993912909573,0.04390903480575482,0.01140436165564626
2,0.013440737366530212,0.0445392905586657,0.04834833355314796,0.007105157107821023,0.012318348223037281,0.02669459869528712,0.03815143183270502,0.03008163006310512,0.011526884850586663,0.0667188249972094,0.025355401489469034,0.04912566338995559,0.07024915140962701,0.071293915861583,0.0206002538769823,0.2617441507400056,0.08940818095538093,0.0277133210548047,0.006257390026437464,0.07932733394765887
3,0.03917035582842122,0.01063152463195,0.008865362995201598,0.005209852626666746,0.014350053142471226,0.004073218416265847,0.016480321202534096,0.0411142782047482,0.007706071248611389,0.6762235977101644,0.015500406505906337,0.010467953046150088,0.07699801420239147,0.004963394349202725,0.007132008593482061,0.015743317714307963,0.010897406889653502,0.010747382740894778,0.017063425864596502,0.006662054086379848
4,0.015237497980670332,0.007935141348617033,0.022158387172294375,0.042685259583394676,0.01053146661376636,0.021085807889232405,0.019634786782520727,0.14030693552803905,0.006385716153791124,0.34113106763492845,0.08419189581180679,0.013803632189421775,0.009892745489724483,0.023670989322828045,0.02763891599201979,0.10926399448002568,0.04263032588156946,0.017613923434628878,0.029792992309458633,0.0144085184012619
5,0.013323926549698786,0.008030640832506368,0.008003617374896748,0.006566733010042114,0.024520814099411065,0.0053263801330392544,0.015824769662068732,0.029217995469744823,0.00720275420783562,0.0961647060916158,0.014145325764300803,0.10079359453851706,0.004062839373648958,0.06865398011692764,0.006130341291006714,0.018334529830154638,0.5235471608039585,0.018553340731361907,0.011628750093704732,0.0199678000255597
6,0.008139232761398453,0.011402715983522825,0.03273735640414344,0.37093805523774365,0.014305991656944501,0.25721011671511645,0.006056568687879164,0.018498191288597896,0.01854385933013364,0.005663826332815382,0.023941350348051022,0.004492599441192911,0.001775978288635329,0.01106183863902085,0.0037941405488686117,0.009436959791041338,0.13786498147550785,0.041971403932563746,0.0058960655584673165,0.01626876757835567
7,0.013648831129792269,0.014709428345570333,0.012883437470096354,0.007679058263898394,0.03650776283682898,0.0046886165681208685,0.007322098576143697,0.02821072574878773,0.007442772266923273,0.12656950337399417,0.014603992212793146,0.007250074884713777,0.004997035379158218,0.0063340275756129044,0.004877001718721318,0.013485287943233363,0.019234168078367947,0.6427864877473791,0.012462615468132215,0.014307074411731934
8,0.018667251048663167,0.013355622079398539,0.017489640092495793,0.5538544686049788,0.022909164055079614,0.011549754735515887,0.008204834502650554,0.007077295295119458,0.027750576065350113,0.05173958679046914,0.11091303440185463,0.024905247708733442,0.0033026033461921313,0.024250693151148122,0.0028785486344024614,0.02300378522485619,0.026286362878150366,0.023171444965147364,0.01127219736465005,0.01741788905514413
9,0.06381955128266752,0.019694171399211483,0.019505661792615172,0.01371753762843031,0.008203720241933768,0.026231064146652758,0.03798301867140417,0.011668225340933898,0.18210694353790935,0.02731653912621518,0.06124902034196809,0.01345377373608922,0.06489122482000077,0.015400509178270577,0.022697254212823925,0.006381119025234527,0.34785826249407364,0.010779778030848857,0.02350371460599479,0.023538910386721998
10,0.025560586821137873,0.026281894509291925,0.054272283598303404,0.007976264446891654,0.04381930597452283,0.0010326240571878846,0.034142851390743044,0.01744833905143021,0.012610214228140385,0.0225787281355863,0.20600477714214896,0.020979513441496057,0.015402020721426992,0.0750396472432797,0.007268136456144866,0.026790770603735217,0.003974550218536284,0.006285154999239068,0.03337561440075997,0.3591567225599974
11,0.16728746934417782,0.03166180955778943,0.007801685137444558,0.052169666520903664,0.011431604219225918,0.03992570629363247,0.004819752503037215,0.021356122138714934,0.011149957690352319,0.15897470348375167,0.010643678543892829,0.04084525132371505,0.004040191804377229,0.006229878491215056,0.006302526512036712,0.014522558407142581,0.01473469886557415,0.33581579739819617,0.007522776936324973,0.052764164828495254
12,0.006695546619219242,0.030983690125756257,0.017214255544879185,0.005240596198223775,0.02662899401145011,0.0023487623477816085,0.05857541678885126,0.18633348041283124,0.012113428991996758,0.39240906290412614,0.0805499628321611,0.022248491466454943,0.014164027161050799,0.055810958387053584,0.005457022403493491,0.01775865537473607,0.022316142934042594,0.025109237124692086,0.007687299531784618,0.010354968839415175
13,0.13349242091834115,0.03256921560059759,0.009106885678140586,0.009581262566064565,0.011526039207593208,0.005226709902594626,0.0075349024842444766,0.09299757533773706,0.004820574407277859,0.009018472039399249,0.00842412571105928,0.004580123236951553,0.01571131843755193,0.00886227810265224,0.003916793186695922,0.4838265994687925,0.029515471787936075,0.07609478601242288,0.005658647560822595,0.04753579835312469
14,0.014341449597318081,0.008804218735823882,0.013607539340041969,0.005687163654033683,0.005788098177095926,0.058581750119398195,0.02268994432697129,0.6316929698962398,0.007141616856001748,0.0055789342341687614,0.03137848271276839,0.030248440221937664,0.002051980289824598,0.00476545146829581,0.012759003924833931,0.03220684999899801,0.0446473274331061,0.053861103522361876,0.008165561559479832,0.006002113931300404
15,0.009534425549204256,0.04154644728769006,0.008278770480851313,0.00766335582206536,0.02430750824959714,0.003815261672791124,0.01504999316376304,0.5124125483949974,0.014541098990944827,0.08627399967704065,0.021431648567716278,0.028124488896266838,0.0041554851296659295,0.0061703507192158455,0.005170160634146567,0.016979837368271026,0.11897869634391643,0.0507268654859761,0.01904966557369737,0.00578939199218233
16,0.006569216851142784,0.013354955596934495,0.005538231261824295,0.00531575302258248,0.004988520544932345,0.008491272809416202,0.191432815764239,0.03881391543352888,0.00469229054462163,0.02040725496181599,0.013906427107340656,0.009832517037657694,0.39866404196301036,0.03223681082007442,0.012315188353087432,0.09812631657233577,0.017294331912427834,0.0034466339692693607,0.10463414827567719,0.009939357198081129
17,0.005815194573342221,0.10359035397636136,0.25889311806858695,0.007103877959235692,0.007150122439237567,0.012974545270562668,0.012912877230413294,0.011715780422117286,0.0036489342941548007,0.008170200049351968,0.0025832864598812556,0.03886682724879292,0.0028645322289681187,0.008999579559675158,0.007052391953785177,0.19717231324365792,0.05696802684480451,0.01310022849869264,0.003893780101742662,0.23652402957663587
18,0.026579678792151607,0.014370542904161095,0.043012382796515314,0.010189131546895653,0.005329288782486417,0.7601378146082663,0.006619818692597171,0.004791024586946903,0.007768642891634973,0.0025281246725342025,0.014014474110954925,0.006438579412060334,0.002556629648525907,0.006693280888284342,0.007379849487946145,0.05073086432963778,0.0033041978968105846,0.012597070913000713,0.009812653296533065,0.0051459497420565286
19,0.004842900190901451,0.005004672693824754,0.02077245779653999,0.01726054086590521,0.0055610121527582546,0.0032657954260675755,0.07244012427180625,0.002834966850443238,0.0037218116652039056,0.00688259004696714,0.008475113758677724,0.004399539154181052,0.7168540806498346,0.0032558010359681755,0.002968573323914829,0.023603539715727286,0.0812359996478418,0.002953226448157841,0.009012462000043716,0.004654792305235208
20,0.003110141356227414,0.004483161511671615,0.005388939363776597,0.005053414935786968,0.0354738205569678,0.00272842043092723,0.007968637960383497,0.03919520571062094,0.0064446018440968795,0.8080586193699407,0.010165073323429646,0.004060256891395618,0.03590090389845923,0.0049253681904069665,0.003981665176919103,0.0036027383882073247,0.002434376516567708,0.0033492585033152076,0.009025173523898032,0.0046502225470013555
21,0.004967349445573624,0.02549915332418021,0.008017451481223438,0.028798311836008613,0.006349752773576194,0.004388361728283879,0.004279033203211053,0.008374805914147859,0.7448537741047464,0.0032328761870405055,0.010716418071458093,0.013095023253066268,0.033179198437854114,0.01572582299034049,0.01474404543740881,0.01944597503004716,0.009850925183190883,0.004160996757358358,0.03227730338563058,0.008043421455653552
22,0.747747142665097,0.006648609982513294,0.10138120394767869,0.005552482443613493,0.008315728394786157,0.005051714566027655,0.00850796287198986,0.007528990740418329,0.009892823874637783,0.0034366113943774864,0.013202528693202925,0.009130387118955103,0.005307667583085797,0.008626542519972113,0.002124143070481471,0.006922860184016715,0.016099361363124943,0.019020837741583852,0.007582771013130885,0.00791962983130647
23,0.04695114910419968,0.01273507303022707,0.00583542947681077,0.21271804531975547,0.021354634598601114,0.02915347891339949,0.016321869112239738,0.07961641554989209,0.03293603655266942,0.1069213126727188,0.13457274177806627,0.01425961227332736,0.027678682606327245,0.03790898810540796,0.010238341580592104,0.04366137773295669,0.04421738138477463,0.04800615033758146,0.06791973536725426,0.0069935445031984065
24,0.005718122499845082,0.04769662862930365,0.006616033323489756,0.010312558753541201,0.057931532686963,0.005022967297365879,0.007994479441208258,0.4830486982536512,0.01255757793590269,0.18042986091768146,0.02294386388869134,0.03296348146662347,0.004637952898022265,0.014732622092704215,0.005865107287260098,0.01617481100110409,0.01958723756341962,0.019434163086822314,0.03676621809616417,0.009566082880236242
25,0.6412161910418964,0.01057837774544365,0.024864718255156792,0.03957283874247725,0.019725291597206613,0.017114030917271303,0.015719363878372732,0.013034389575606988,0.02520794414714821,0.008925916340565962,0.028153750469049624,0.021562185460174865,0.005027116134204417,0.00884065317388018,0.007676078175092683,0.0234896719873591,0.04094441353268183,0.023120422888154756,0.013722938909365157,0.01150370702889157
26,0.005978112769438924,0.0068413336084911965,0.024013227617055873,0.014062976734448047,0.006461933398491889,0.00538616491420411,0.21612722233940482,0.06173942526960621,0.069428580267818,0.009366480967505765,0.0187128630229948,0.004351750432443005,0.018144948268085815,0.3067708768489208,0.030587821572712046,0.03422260944238942,0.03449973733228017,0.047182963260269904,0.057949806605806446,0.028171165327632825
27,0.01210583575871564,0.12197546539163197,0.011859961347745182,0.01164408782199295,0.005990162715281887,0.010954015913217279,0.007839325721529641,0.017948066676011013,0.017215928150965787,0.02088693865989379,0.02182957590923994,0.025098947953853566,0.009345657024315003,0.005505278642752724,0.6481999505904216,0.010796444660936946,0.012732815465219283,0.0035778516249728234,0.01788366543314074,0.006610024538162205
28,0.010915072041875968,0.018716751310212235,0.015313327281466579,0.1103414836852752,0.07784557074328102,0.005377178636405483,0.013162804609429724,0.10133426305057693,0.039608199477946256,0.39736745318670746,0.01988428223772598,0.03356435161837095,0.00786453518887559,0.016565425990912208,0.020641864446989067,0.025759172622377816,0.021349556799768684,0.019378063229438258,0.032830802905563616,0.012179840936801087
29,0.014175097835460207,0.022763990948306927,0.1000212945448139,0.4673766900940635,0.04586569802877168,0.03633080852237856,0.016082207125842893,0.011941087237710368,0.050076129692741146,0.007287564598444045,0.02240192899739127,0.028587825348644236,0.031011663626346258,0.032485214774198266,0.009648366594466192,0.030674553499729584,0.010573254980925104,0.030293016078171045,0.022377744122203017,0.010025863349391739
30,0.051320174189093716,0.034415037834921065,0.16919882810801948,0.06602342680863084,0.06078006886721537,0.014924828793894956,0.027941896333526964,0.008054513716677763,0.00888951582626625,0.021102403275009476,0.02018238231133215,0.06745409030842965,0.009194341991373716,0.03858698556359875,0.0419747873090894,0.03386533188941176,0.10451858624760262,0.018137506910211654,0.02308672904551272,0.18034856467018176
31,0.018732909682410093,0.044635570744203344,0.009912562036284316,0.14948192892470988,0.04010572865556978,0.019355152267850968,0.02025098771716045,0.08429641825223727,0.010316010966587021,0.02117230615641301,0.028218613128567216,0.011162226481165965,0.0052939168585899934,0.31253001574286604,0.008283903218536351,0.019587004730528556,0.012938847189038776,0.16568850468839083,0.011968112298865336,0.006069280260024896
32,0.02425284807487545,0.03793358389415013,0.023685513727561988,0.014513748797975193,0.5046782846970869,0.006265806816325528,0.019812085115022388,0.07688136231402519,0.02449926295698539,0.029457928586527234,0.014950200214154385,0.013164071826081534,0.01411652864658925,0.019886103053350816,0.020046502657791992,0.021629059599278095,0.03097604404658443,0.06824150319660054,0.01420126568807594,0.02080829609095768
33,0.15541662145520393,0.2396475611982365,0.006903035819411161,0.020514067003796658,0.006331696631262363,0.005035301715318436,0.006581859608957546,0.05999773766138366,0.007985273910280486,0.052927280788813896,0.009914770980036736,0.004495143979167892,0.003570946598423492,0.007788693354015787,0.0018390990285205619,0.03374075739152913,0.005027441778070651,0.3132310907607044,0.015204238330247935,0.043847382006618786
34,0.028976053930267382,0.14100313428189348,0.020753462538564305,0.03590518905760499,0.06878780827230153,0.315251474849982,0.008495819088445046,0.03275637445085058,0.06866349317601934,0.012062586744116,0.03161296574823048,0.012697590592290108,0.004539781033513375,0.008593634784904278,0.042175181701851694,0.012613184833045065,0.03503475686401549,0.04906755625928347,0.050768998860354964,0.02024095293246637
35,0.20117689848956058,0.09362638976431638,0.003727558716014205,0.018189039972942935,0.0037443876687497228,0.002455142621187714,0.07153390463800005,0.031446248491932,0.14957409387862888,0.012183887698870202,0.09711938702530853,0.02609584484594706,0.009929752450700954,0.08123518570677805,0.018095664943163926,0.029514366584009726,0.09016942607574747,0.026000898521801253,0.029795241320190128,0.004386680586150139
36,0.048111071549415775,0.03736457793519916,0.011876191566962435,0.01795341799948098,0.014448389369433332,0.029527153949876633,0.006326885153559215,0.009499197009743941,0.03809312220354958,0.02682849482510229,0.0072537712680808,0.10032361409814135,0.021885200881362893,0.1969591277171475,0.03292156631914304,0.059092430600703245,0.07355755335967921,0.004395619922660708,0.013632959075674097,0.24994965519508386
37,0.315822761724974,0.0513524439839996,0.01069852635353506,0.013531081299760982,0.053981515997874985,0.0031200766259911875,0.004450951126669365,0.012075727803028166,0.04137520670842923,0.002089429427191074,0.010902659199280523,0.2823557779424944,0.019587571403171685,0.0047418414243697825,0.02478025005322348,0.026337505587229488,0.06795309822138884,0.03048044241388313,0.011544840946828115,0.012818291756676987
38,0.06562449345364657,0.018825263134865638,0.33437403242239117,0.015772194189195846,0.06401296215235225,0.028861023118886813,0.014018348696141963,0.013045157165376658,0.030760581168526608,0.028029163035304932,0.058718519106240534,0.06114517030197749,0.002099820440924477,0.008446929315507919,0.00952554709992268,0.019576426369020468,0.029130954565148706,0.05694737622132515,0.018376043272182476,0.12270999477106176
39,0.025027057941653972,0.015323364532279027,0.011664830506467877,0.018056043611176402,0.07549016740628468,0.008472566606662431,0.1419786888366316,0.031118445586717988,0.009816389446855077,0.35281100248503683,0.009722658426554629,0.015396971427342395,0.012709938557736111,0.04396378881148613,0.039865997748474595,0.017244770122252354,0.10023929034970437,0.026252779391160923,0.016691976634565706,0.028153271570956817
40,0.014251415097629212,0.02349731624549324,0.2539618720002754,0.30599129652220775,0.006883530157651371,0.016090105783658704,0.009854668008158849,0.01374847325165933,0.015911613178806093,0.024769282600186904,0.015088003227451035,0.03088601737013877,0.009463375202882615,0.11985607956143994,0.009594692521581762,0.007562623463091189,0.05819048358930468,0.032113380178889525,0.028012736401808912,0.004273035637684706
41,0.03344730252951653,0.02230902278345019,0.02237086049477842,0.10101938177011266,0.04433841331265529,0.018901418070892007,0.005129766890467799,0.08966717522270023,0.055128102708922856,0.060388395188127296,0.04616107925429875,0.11916403957356823,0.0024813625839321288,0.008259802517416308,0.013102929735369568,0.055025532964954625,0.00869385426708732,0.24012111184821594,0.042290878041832396,0.011999570241701424
42,0.06955426661092026,0.03480325003939911,0.04588565757456969,0.0049377522837466626,0.006209068176647626,0.07938932227894754,0.03840657760203949,0.17795724597661844,0.00638932912814653,0.07707208028965783,0.003573789768248867,0.003311291238337418,0.0024334679112175913,0.009205366511335791,0.023995515639860767,0.02600455167587538,0.30257078104239915,0.03731290907344728,0.005391547478147835,0.04559622970043683
43,0.008634640615532815,0.06313458522397374,0.007770538920830665,0.04122892544957317,0.022488490295071804,0.008559681719876944,0.023868797770060526,0.03184112141192305,0.025864809567946647,0.01406804123023755,0.2530424753868828,0.029102347421347513,0.0058611665591884006,0.290983559942657,0.00967243523611542,0.006814910472068358,0.0488497482054692,0.037636256136951894,0.06032943931389595,0.010248029120396638
44,0.09180218234228806,0.0471746596988676,0.030298881143826905,0.4151040602308673,0.014583920536008271,0.02204793493720843,0.008569495177382607,0.023571764014088836,0.04590340620969351,0.008515508834856958,0.042552608816986304,0.09123679278858128,0.00662100655223577,0.027668921564810156,0.016168895744275148,0.013134806161700643,0.00873076601626082,0.020762653563045238,0.04247760199908918,0.023074133667926988
45,0.011507243235904506,0.03985074236353281,0.018080776884824023,0.023485502447765552,0.048787935805881366,0.028903630224474595,0.008805889333138153,0.010970888451062213,0.012716191213159202,0.03467322014304617,0.031665565073847345,0.02063935859539434,0.00786421041493418,0.009672315070544363,0.020344592567458544,0.031992685399220004,0.011085409655588005,0.012459397177177025,0.5919595140235422,0.02453493191950555
46,0.016493099694524754,0.013653923449541342,0.019808516550124552,0.01948926160162669,0.016941822309708796,0.03684343566778789,0.040074799727949126,0.03767001124627359,0.024141096800423683,0.5111328233730491,0.013967045433680136,0.017301285442778196,0.02811182644603914,0.031115422292287167,0.03348356989573003,0.01074827748267874,0.0421588333658832,0.037262443742408884,0.02531114343441383,0.024291362043091163
47,0.010894530403984207,0.013839927665470346,0.01118687551802598,0.0330594203103969,0.01138799754951276,0.009010264858023781,0.006380741420196276,0.0068442874240787835,0.611905510501118,0.06415275782159996,0.04806744281389482,0.015783305607622884,0.02389739302568812,0.025793218263175252,0.03201014154608219,0.006399635249935024,0.01890150437088111,0.02320793969164611,0.017777459641999508,0.009499646316668033
48,0.011858991862226312,0.010830390870946708,0.009602905767595449,0.009264864849990452,0.008168700286370274,0.005458088942019468,0.009818807754658857,0.05775433315744327,0.013704055665518378,0.008645817806578695,0.01975230596243659,0.26132674537861206,0.0030596965931732317,0.004383947156038769,0.006538520113471132,0.00240357534275532,0.5250500368532592,0.008182396453009865,0.01350327186902532,0.010692547314870684
49,0.018850317882907985,0.020914497428319828,0.03276440207835989,0.024720866534214025,0.020175639719170333,0.027585201134845454,0.02619003905704394,0.028563805195150834,0.034162995831243735,0.06158160960119064,0.03242319375777591,0.022197805216718453,0.0059144473803875814,0.01905703454504718,0.5111186894691027,0.03471000377862237,0.017603507116290874,0.014782065948701436,0.02065293030959515,0.02603094801531175
50,0.06176846140835251,0.007636333755093265,0.007673571662017926,0.013906091194805797,0.022286834951367778,0.02839543008206803,0.056846206969559075,0.011555063268986981,0.0320204645409116,0.049996571948460806,0.01649369132136638,0.009904850934041169,0.26933737516166656,0.0339664805372449,0.08374891426772409,0.058651597257049916,0.19149331487280863,0.014291614504035944,0.020090050430287023,0.00993708093215166
51,0.01375096246751592,0.12583141114883264,0.010060785585712918,0.02349665803764862,0.07547372160273666,0.026413559325253525,0.011653628579841953,0.2658640060761326,0.03472260576945558,0.11787248297637716,0.06793793023144643,0.06535936281250332,0.013787440922636953,0.028440044988715673,0.0031425545891667662,0.021618847999082952,0.012023799371428523,0.037489983617401364,0.02984329457385476,0.01521691932425571
52,0.01702235568278382,0.013809124413877475,0.014972406317733907,0.013493267346426772,0.008906304302505337,0.004593126633143908,0.007986824371844855,0.009437123805221692,0.014978114462507706,0.6608391494504094,0.03920496114451644,0.00958253323978811,0.10320045991089687,0.01565664141183888,0.0074737272136393565,0.00907254594232991,0.004178104208941667,0.01590743342631201,0.020361972763245726,0.009323823952036134
53,0.009481305924580212,0.013700452210788248,0.0115697492328701,0.011296624657994173,0.011904899646308626,0.010206160547829734,0.00998479021292682,0.008873556543174517,0.008842365070643537,0.016115607710314922,0.014677099148345502,0.009178511431998505,0.014282534563369115,0.008963042692027197,0.004770709855467309,0.7925282207820675,0.007008348374954391,0.008159367618650763,0.015028252926693056,0.013428400848995803
54,0.040548885040275574,0.007504342847359565,0.11997128851759971,0.0031896558892075618,0.015603735035803515,0.358887936970649,0.03411054154435109,0.07069345947013377,0.0065939822224296354,0.02476504160981369,0.02206867401757441,0.008728856816029052,0.11963647602117382,0.02439139968530187,0.06752653857195433,0.027293982034767277,0.01645633105995853,0.012907235660457142,0.013045688024381356,0.006075948960779076
55,0.005085811294096853,0.019944607349467555,0.007262432978032497,0.014344876074813676,0.00611250142259068,0.010592537512837244,0.00510217265489643,0.01132425152017851,0.21506819961868193,0.30493402861220753,0.30244231606210625,0.004789433045482549,0.0067425827932665995,0.01408808779234755,0.011572821479281984,0.004586942503805354,0.015112630634223573,0.0208555840872089,0.009160220911292165,0.010877961653182167
56,0.01895452401718627,0.01000136792271863,0.010547783918200743,0.015188781176532629,0.005302560183428804,0.0032871363024713058,0.038226538913041105,0.030566513094911717,0.06073763357638917,0.28637965311473484,0.041761764495715524,0.045458754253818796,0.03197881530483729,0.012983087560939119,0.005856799342492089,0.07817058825830679,0.23845011475698605,0.015793055212614118,0.01569307447744234,0.03466145411723256
57,0.017890065197429462,0.013844360218028595,0.015544287334726658,0.04086938111836836,0.032728239956574284,0.01022077925999382,0.01388181131913221,0.10355794566364933,0.4374935982837751,0.020458221290375705,0.024929602196937666,0.05121491751832364,0.0194899645879893,0.015156826487068745,0.09802136695374769,0.02629243873398664,0.019347875507604168,0.00936864305369309,0.018188366801713415,0.011501308516882172
58,0.1148308441759844,0.008139155376766512,0.010674669765745918,0.03526662357727356,0.11315324525776267,0.23210721365970052,0.0051352584398296685,0.01440474118245097,0.015402899490621411,0.048408662868962116,0.014987238646980571,0.01274184216061785,0.003747307613661438,0.005312153810004383,0.011636845477464346,0.2184648428202766,0.014350317142751923,0.048548380270894274,0.0555445255259952,0.017143232736255707
59,0.012321278256984028,0.018007582379115945,0.02368281618133028,0.06914739582448858,0.017347257622423524,0.013374961095591756,0.015097295665981647,0.40036885550286305,0.04806344537217741,0.027858460640670796,0.08040942513541839,0.039086202302409605,0.021576778501391353,0.023530961301011944,0.022051178416420042,0.05387499422185683,0.014167064588371692,0.052054588092289106,0.031009046027155845,0.016970412872048177
60,0.03393451001174539,0.023231362586676626,0.02431566184970981,0.012678849401277148,0.06705146217138665,0.012381670311525999,0.015320635927426435,0.013052232896842902,0.011707927551996629,0.5104144893473639,0.021249660562260454,0.03928615573524827,0.010770626423897223,0.039472997951169854,0.010172023292670656,0.00942279593589876,0.06847124176414077,0.037609266598034916,0.023074901792813945,0.016381527887913826
61,0.03393387563524348,0.015139874180625332,0.02375727142370992,0.05052648317335636,0.050879582704622985,0.5491095331046255,0.011940698771368727,0.02226724183271056,0.0146234613805086,0.02182326352275368,0.03495207582486109,0.016955558418882903,0.01482294946108032,0.016638586667283795,0.023391789951384027,0.01818952265025944,0.021135745814849,0.024412503777448417,0.01837650843710431,0.017123473267321544
62,0.015134445916481616,0.012815649358790001,0.014769053631169938,0.010636927339259786,0.23381352349497006,0.003647603497901855,0.0036803096435566035,0.009709610575337336,0.011792751806553333,0.04978849843099293,0.13828636721201412,0.0056953576040633435,0.006479998420738071,0.010414306016762331,0.0036846495194386465,0.03627380353323614,0.002338621185304543,0.04475804217620958,0.35743023527034073,0.028850245366878968
63,0.013717474528769523,0.05830298198807574,0.010862770667416545,0.01008014731826414,0.0054433194924570424,0.01052749307447842,0.0024343769731636406,0.04417368836428248,0.01784373054102074,0.02011024162937959,0.29457678487872424,0.004879921579625823,0.0016581282215271953,0.004232026785524993,0.005112566432455609,0.08268583624490415,0.18728962291968113,0.21148419526124576,0.008345219628627526,0.006239473470375682
64,0.009843181628499342,0.03962847867864915,0.0403093948290451,0.012781088240372161,0.5080904912627999,0.043586253910466395,0.007864026040305649,0.014895842134835196,0.015001758057991607,0.014358404190713837,0.013977899080634423,0.045335385257637834,0.005475769016175579,0.010173575455437464,0.014818993695603822,0.012971475791119817,0.0181326641544528,0.019600849920962254,0.020418023889718997,0.13273644476457866
65,0.04497986711878122,0.011332587263521285,0.017002640078768238,0.017784860996269424,0.014235967788281095,0.010011122084787787,0.01032223147533456,0.010128626917529656,0.05396752936351068,0.007368592501896744,0.02350498917368582,0.019480425395257753,0.0056112110349975375,0.020784609432054138,0.01094646904410107,0.00909672594985901,0.6542140898088804,0.03152881056429183,0.015582694530376721,0.012115949477815094
66,0.004045782416708441,0.00830054942313111,0.01034246326913068,0.013259239750127438,0.06945618144081174,0.007634557684906652,0.010521662120542273,0.04581082098406666,0.015302781346447199,0.6900953734011824,0.023152360487942048,0.010571429854512948,0.02532118677208518,0.007914873076746995,0.004747035232643363,0.002784712448663046,0.004268683061819127,0.014295526954076862,0.023510422110181478,0.00866435816427435
67,0.033076575922089534,0.0197426795736946,0.014532963339399805,0.021487640662469887,0.009875301526651737,0.013481489901658228,0.008795768250183173,0.025344635788794315,0.016115960122097667,0.004882649793528943,0.0315525941262984,0.025857990292046513,0.01603983531423214,0.012918753535253851,0.006296875572838083,0.013155601831890004,0.6754364859775551,0.011993018978648845,0.026248769730251132,0.013164409760417994
68,0.02921508196784545,0.033273754747080976,0.03798557665775921,0.058965397489719684,0.01752574834409426,0.04922095763789954,0.024254365633403014,0.019471678935924122,0.01972914083738545,0.02557259062408923,0.02711214369675109,0.026084664718060497,0.013804958865386777,0.021785797430476123,0.014109860407451116,0.010100913325113411,0.015573961135243092,0.5009213952198827,0.03074392385238471,0.024548088474049528
69,0.04484918723977732,0.042129701020983644,0.032338352497255,0.03258886244771934,0.02629030483596817,0.012900046644811598,0.036772968304011965,0.018481086125556736,0.02397099348926122,0.05652662925180688,0.03810172438479522,0.03279621596181384,0.396117581569656,0.03153433650748065,0.03160277680854109,0.02060677718280215,0.04815730427325657,0.012410746698502978,0.026155609446137134,0.03566879530986258
70,0.014359263685289864,0.046197621243508846,0.02331722991316985,0.011978663128911016,0.013652977377938162,0.0475462839213738,0.01647419575165915,0.04174782185127076,0.013795612350263463,0.00377916601398574,0.0214066011927599,0.0383531797161614,0.007000130902756818,0.01056703331251505,0.027034224595604867,0.613554000443082,0.012310550244917942,0.00922529574831785,0.014641213708902522,0.013058934897611113
71,0.007422010062821331,0.010145789445929101,0.04250027876710578,0.7037021626915257,0.00906069183343642,0.03175246997679169,0.01023380236460939,0.007573448298310365,0.05261132218209751,0.004269148227191918,0.02466424616183609,0.010572800825590332,0.004571187941884164,0.03131426178844708,0.010673474704838018,0.003978847364888447,0.0062124125200858195,0.00507262787289705,0.015644702734344665,0.008024314235369133
72,0.06648621029804679,0.01192779059123634,0.008306192716046308,0.008869868881232054,0.005653525788373168,0.016625758991890373,0.0392394024717587,0.014772873622369327,0.01233170840080193,0.08823822201103497,0.012475688860830345,0.01852897127075384,0.08874224249356011,0.06658216312948795,0.2798915762289813,0.02746692719297919,0.12629091784535298,0.0035933084384540026,0.012020460029694457,0.09195619073711588
73,0.0038791417926743754,0.05324228068432682,0.020725453073439436,0.014229918674644982,0.020454662971461007,0.1411708099007929,0.01343647205819684,0.032315315218356656,0.11405169945365695,0.029647837557437568,0.020852890221907495,0.038897317408208315,0.1983775358757679,0.03420676721757707,0.010729946042250695,0.02154970509459005,0.05426083037558155,0.1656834231633166,0.003471139969142024,0.008816853246670794
74,0.01570253043585498,0.007800643815898973,0.013251614422154473,0.01812077119152831,0.007875918054947863,0.003136616561509882,0.005070131446313157,0.008615990528233267,0.011334302045942525,0.6091820042301753,0.1750289676040778,0.009985594220639693,0.006854579167440695,0.03551720923839597,0.027801961044500206,0.003173967129366869,0.004712822374260312,0.016543481931934362,0.00850997460575336,0.011780919951071988
75,0.0035892941560175255,0.007880739645586006,0.022367550195737097,0.02883146223493868,0.007275833778241952,0.003583142453004406,0.08906616037866517,0.005984636379651682,0.09435595485694574,0.16785090756694643,0.016810475333915293,0.026124479301713997,0.016120119532784343,0.44981169791158004,0.008105610981734943,0.0026967251273780743,0.009742848179721002,0.01880593756218593,0.01100323684299321,0.009993187580258448
76,0.005378135230016395,0.052252239604754114,0.014164148594952672,0.018809734414689912,0.03649372995745039,0.01557857802922945,0.043067947459062894,0.011785735987612357,0.02394396877088707,0.017249464743372023,0.027843749985882432,0.019574405550079003,0.004145267756828543,0.017660914768889965,0.5948699456244434,0.03258378008021968,0.004570450001573921,0.0068379020168894454,0.030839200974294958,0.02235070044887136
77,0.00889758026532946,0.013363952871531094,0.014805924642870658,0.011129280186310882,0.013313345143231063,0.01859670338458939,0.014072505900670574,0.06535349615795454,0.04193095434273056,0.008846443591434223,0.020918348880526613,0.01483593084945497,0.029644233736397536,0.012655996461817339,0.637488429739217,0.013543500492035543,0.010285186928955093,0.018062156665859867,0.017716106451376477,0.01453992330770712
78,0.011430377486664464,0.01315930478016631,0.06833669872353826,0.02443468111817772,0.011352752140553332,0.011196445756666376,0.05375806030479904,0.010048548762772917,0.2738077845470301,0.03955870712067585,0.008508679917209152,0.024764272742371352,0.014665436368931707,0.013121000260946402,0.36215508037645733,0.012343699516341011,0.011713805736130048,0.01612548990067845,0.009801869121937291,0.009717305317952825
79,0.006558395820126579,0.03407131387523011,0.061061683550774244,0.011777198933746458,0.47527503563988266,0.04694711466301474,0.03812448964333096,0.03223755141319932,0.013620829343101257,0.045560533477703176,0.06008466865811151,0.010677106043056142,0.011972211793023435,0.031414092724035496,0.009068183521857258,0.023470645351427188,0.021978132606518878,0.006524537243313369,0.010462513564001236,0.04911376213454605
80,0.05062986772680205,0.03192132866335613,0.0243096169650637,0.012773209490694708,0.033285626064423125,0.014165013562286763,0.019780081761910755,0.05524288145772419,0.07271030919757687,0.027415181383760066,0.02384682093990485,0.018196966725071383,0.02169266369948449,0.016963592044900267,0.01919986950964987,0.030512560165632984,0.007754893622349518,0.42942433001324615,0.027044981455594568,0.06313020555056757
81,0.01437739668625977,0.013121291203089523,0.03499378497727265,0.01960121159266513,0.05278179448805742,0.10187619709821479,0.033675468709068616,0.014375013522267879,0.034279835250330924,0.03003092244288263,0.016628819670832736,0.16217992049301924,0.011280598854976663,0.22462016363153378,0.028125486350417544,0.09881508980055088,0.031734077653976046,0.02766388793361767,0.03822255696097913,0.01161648267998693
82,0.03173111809136738,0.009952144677783168,0.02832376663856454,0.015828081337049646,0.049235272690387015,0.015145614208760197,0.013013834599778585,0.34906057360226345,0.03651951358203644,0.008442870627720082,0.030622032480049577,0.25072051669174517,0.00535413231529367,0.012350820956387808,0.04770479378614656,0.017334856795313606,0.034804925888646955,0.008063920633283024,0.018984345408149843,0.016806864989273317
83,0.21895257763214637,0.010484286832019468,0.03258510233319949,0.010218099265987943,0.018260006883400962,0.013462341958609186,0.011309102201642308,0.1172159947762808,0.011320129204890242,0.008054250425672869,0.013013890936670082,0.1845331118216255,0.010302052693088733,0.00890712988061887,0.007733488779038584,0.01413542963593574,0.051207541813192925,0.15912565313224167,0.06596050834070168,0.033219301453036594
84,0.010784105592484135,0.08034499552553574,0.018782802440175276,0.01054579582295769,0.06760451433144297,0.007263855961751028,0.03909178498881314,0.044563021586490725,0.012220353190701888,0.3683696577109737,0.21760882130201709,0.013520495386122757,0.03607916005676478,0.007702115524190592,0.010909212334991035,0.01076156137885577,0.007481978638929461,0.01663049634181722,0.007523400207920057,0.012211871677064895
85,0.14455593265960873,0.09723591708925995,0.0332887796083102,0.00888227891897267,0.01600386301039426,0.012352370200614882,0.008796538630124365,0.04788115165694584,0.011050998515140261,0.02893487110061141,0.01588823566081742,0.12715378309812542,0.008928513481602654,0.011938745527818406,0.017598476227712344,0.2214848556885215,0.038909763377470985,0.02226226440210671,0.1026728673723643,0.024179793773477648
86,0.02871106925932414,0.033516811245698906,0.02340242317960123,0.028326554555994764,0.019596409255658424,0.33228953545325474,0.0069956308187374625,0.004896308385283705,0.014228960026025937,0.008348297044219308,0.011050962316051753,0.010095757068269755,0.08980365212271774,0.02129638302463413,0.1435447725364896,0.028837380057228506,0.04086245175428219,0.052285347485755106,0.051859683131533975,0.05005161127923863
87,0.12155265770934232,0.016906978191075044,0.03140099683083918,0.010875797050971947,0.004418839022400836,0.026664490462792772,0.010781549385128653,0.034007615271792156,0.032885628774687,0.030887100533336927,0.00710597895355895,0.2533111643518058,0.03961489270237976,0.11595285025266659,0.0162952718282197,0.030152095951384756,0.03560530547061063,0.15808216466614872,0.012434048904824005,0.011064573686034319
88,0.04884150911061882,0.1342602881197874,0.007295307600864376,0.015160880677812598,0.017775279198378555,0.17212888382776337,0.0351045602502772,0.020757416309365177,0.03514344602067061,0.11671487013721456,0.017442279754577805,0.011483501475505557,0.008239908381218283,0.008278680862714133,0.08306384424040282,0.01707447678459162,0.011777847503403641,0.1856673066080874,0.049565792976977364,0.004223920159768698
89,0.019912800602773333,0.04612946460955659,0.29247536896228726,0.13302951015167858,0.028996601614480703,0.011940617906917758,0.037850243628852816,0.006228984914691732,0.033713495045200374,0.003887638713644098,0.022760981890914734,0.2122419084076567,0.0053112566423671945,0.024783978525769607,0.012947348085436496,0.015651325442076727,0.006775383497050118,0.025195336605664306,0.04304446177992994,0.017123292973050906
90,0.22018665399628876,0.0069146678972857355,0.05856112518893033,0.013713074900043436,0.019344275828117777,0.023117594078581463,0.0839653006714106,0.02516007597721759,0.01386707222122687,0.04685352667552458,0.048312336840475256,0.007246687197698016,0.17980515021955323,0.08409603679011178,0.012732349960503486,0.006477679902799349,0.03563902306136876,0.007263232387333813,0.10025879825999993,0.00648533794552918
91,0.04809448837341243,0.02029021345428351,0.08907653127375308,0.00744088327409748,0.0029243074316731093,0.10260892653788885,0.02160205547593781,0.023318260206310133,0.02479643903178447,0.014898473685514784,0.038357155484367515,0.0959132461642266,0.028669467057860037,0.007320916875659116,0.1526407236732907,0.011685154716171098,0.03337867445779537,0.2478380497852352,0.009352237788980075,0.019793795251758676
92,0.020335620158807088,0.012376442785778272,0.0787012612339573,0.01602661074606462,0.015037243478770423,0.008748947927857732,0.008596169834162662,0.04022055024652557,0.026087857387982232,0.10316939238672666,0.01881696102485812,0.25409757543736367,0.05798444197047731,0.036452536503930044,0.0651615914314868,0.06254620381890126,0.01848507605040976,0.13579213641186852,0.006380727184471346,0.014982653979600566
93,0.046129397829623386,0.09948050009592548,0.010078732093318079,0.013892516016756487,0.13558728884221918,0.030232213530578634,0.07935819657255806,0.06265908895530675,0.02961828087448654,0.008391751372877372,0.17762004876517168,0.018861464008218736,0.015016178224385482,0.014092525591703084,0.03416750293772328,0.06453703262859037,0.0271619816847677,0.0359530900406056,0.054596802324504444,0.042565407610679694
94,0.23735084215232774,0.010444726787452537,0.26956798856802544,0.03309265471925325,0.014930451692459679,0.037735321141266105,0.023279165123202536,0.0240767663921046,0.16332193196382513,0.007978057137136129,0.01258238059567013,0.018003290671724598,0.023420658487424143,0.012664256275173133,0.006840308254614355,0.027089269865474164,0.013848782792530942,0.013886373351637166,0.008251985525572172,0.041634788503126
95,0.03472925727486941,0.032516636310362675,0.018997202781965414,0.058603603270710534,0.01440925185541575,0.004143893470449205,0.11003350568338453,0.010158611966192638,0.1953304488860971,0.06375691877051379,0.013693186480828422,0.013389922925755053,0.0032309463227939883,0.022441934087239906,0.019320005725435886,0.05313882869247274,0.014933682560427678,0.10772650766274605,0.01883392979597437,0.19061172547636485
96,0.33074893107998876,0.03251825441032838,0.00957102980870377,0.07535165104301302,0.01824532803633166,0.06873066217450582,0.01945714087479194,0.01055717344394993,0.018989515749561103,0.008395708422705546,0.024730129858787846,0.01581724411418291,0.05711510985444893,0.025634022616528123,0.009708185709931275,0.14828150945552346,0.04237938131457406,0.024334790550317103,0.012983137318308252,0.04645109416351801
